fare_id,route_id,origin_id,destination_id,contains_id
104,,5,5,
58,,6,5,
138,,7,5,
58,,8,5,
120,,49,5,
96,,10,5,
92,,11,5,
89,,12,5,
86,,13,5,
85,,14,5,
83,,15,5,
81,,16,5,
79,,17,5,
79,,18,5,
79,,19,5,
84,,20,5,
88,,21,5,
93,,22,5,
98,,23,5,
103,,24,5,
108,,25,5,
117,,26,5,
123,,27,5,
103,,28,5,
123,,29,5,
130,,30,5,
121,,31,5,
58,,32,5,
117,,33,5,
110,,34,5,
107,,35,5,
100,,36,5,
94,,37,5,
84,,38,5,
78,,39,5,
71,,40,5,
71,,41,5,
71,,42,5,
71,,43,5,
68,,44,5,
66,,45,5,
61,,46,5,
58,,47,5,
58,,48,5,
58,,5,6,
104,,6,6,
138,,7,6,
58,,8,6,
124,,49,6,
101,,10,6,
97,,11,6,
94,,12,6,
91,,13,6,
90,,14,6,
88,,15,6,
86,,16,6,
84,,17,6,
84,,18,6,
84,,19,6,
89,,20,6,
93,,21,6,
98,,22,6,
102,,23,6,
107,,24,6,
113,,25,6,
121,,26,6,
128,,27,6,
107,,28,6,
127,,29,6,
135,,30,6,
125,,31,6,
58,,32,6,
122,,33,6,
114,,34,6,
112,,35,6,
105,,36,6,
98,,37,6,
88,,38,6,
83,,39,6,
78,,40,6,
78,,41,6,
78,,42,6,
78,,43,6,
75,,44,6,
73,,45,6,
68,,46,6,
66,,47,6,
58,,48,6,
138,,5,7,
138,,6,7,
104,,7,7,
80,,8,7,
208,,49,7,
185,,10,7,
181,,11,7,
178,,12,7,
174,,13,7,
173,,14,7,
172,,15,7,
169,,16,7,
168,,17,7,
168,,18,7,
168,,19,7,
173,,20,7,
176,,21,7,
181,,22,7,
186,,23,7,
191,,24,7,
196,,25,7,
205,,26,7,
211,,27,7,
191,,28,7,
211,,29,7,
218,,30,7,
209,,31,7,
144,,32,7,
205,,33,7,
198,,34,7,
195,,35,7,
189,,36,7,
182,,37,7,
172,,38,7,
166,,39,7,
162,,40,7,
162,,41,7,
162,,42,7,
162,,43,7,
161,,44,7,
159,,45,7,
154,,46,7,
152,,47,7,
148,,48,7,
58,,5,8,
58,,6,8,
80,,7,8,
104,,8,8,
130,,49,8,
107,,10,8,
103,,11,8,
100,,12,8,
97,,13,8,
96,,14,8,
94,,15,8,
92,,16,8,
90,,17,8,
90,,18,8,
90,,19,8,
95,,20,8,
99,,21,8,
104,,22,8,
108,,23,8,
113,,24,8,
119,,25,8,
127,,26,8,
134,,27,8,
113,,28,8,
133,,29,8,
141,,30,8,
131,,31,8,
67,,32,8,
128,,33,8,
120,,34,8,
118,,35,8,
111,,36,8,
104,,37,8,
94,,38,8,
89,,39,8,
85,,40,8,
85,,41,8,
85,,42,8,
85,,43,8,
83,,44,8,
82,,45,8,
78,,46,8,
75,,47,8,
71,,48,8,
120,,5,49,
124,,6,49,
208,,7,49,
130,,8,49,
104,,49,49,
94,,10,49,
90,,11,49,
87,,12,49,
83,,13,49,
83,,14,49,
81,,15,49,
79,,16,49,
77,,17,49,
77,,18,49,
77,,19,49,
72,,20,49,
69,,21,49,
64,,22,49,
35,,23,49,
64,,24,49,
70,,25,49,
78,,26,49,
84,,27,49,
35,,28,49,
35,,29,49,
124,,30,49,
115,,31,49,
116,,32,49,
111,,33,49,
104,,34,49,
101,,35,49,
95,,36,49,
88,,37,49,
79,,38,49,
79,,39,49,
108,,40,49,
108,,41,49,
108,,42,49,
108,,43,49,
109,,44,49,
110,,45,49,
113,,46,49,
114,,47,49,
117,,48,49,
96,,5,10,
101,,6,10,
185,,7,10,
107,,8,10,
94,,49,10,
104,,10,10,
35,,11,10,
35,,12,10,
35,,13,10,
35,,14,10,
35,,15,10,
48,,16,10,
52,,17,10,
52,,18,10,
52,,19,10,
58,,20,10,
62,,21,10,
67,,22,10,
72,,23,10,
77,,24,10,
82,,25,10,
91,,26,10,
97,,27,10,
77,,28,10,
97,,29,10,
98,,30,10,
88,,31,10,
93,,32,10,
85,,33,10,
78,,34,10,
74,,35,10,
68,,36,10,
61,,37,10,
49,,38,10,
55,,39,10,
85,,40,10,
85,,41,10,
85,,42,10,
85,,43,10,
86,,44,10,
87,,45,10,
90,,46,10,
91,,47,10,
93,,48,10,
92,,5,11,
97,,6,11,
181,,7,11,
103,,8,11,
90,,49,11,
35,,10,11,
104,,11,11,
35,,12,11,
35,,13,11,
35,,14,11,
35,,15,11,
42,,16,11,
46,,17,11,
46,,18,11,
46,,19,11,
54,,20,11,
58,,21,11,
64,,22,11,
68,,23,11,
73,,24,11,
78,,25,11,
87,,26,11,
93,,27,11,
73,,28,11,
93,,29,11,
94,,30,11,
85,,31,11,
89,,32,11,
81,,33,11,
74,,34,11,
71,,35,11,
65,,36,11,
58,,37,11,
43,,38,11,
49,,39,11,
81,,40,11,
81,,41,11,
81,,42,11,
81,,43,11,
83,,44,11,
83,,45,11,
86,,46,11,
87,,47,11,
90,,48,11,
89,,5,12,
94,,6,12,
178,,7,12,
100,,8,12,
87,,49,12,
35,,10,12,
35,,11,12,
104,,12,12,
35,,13,12,
35,,14,12,
35,,15,12,
37,,16,12,
41,,17,12,
41,,18,12,
41,,19,12,
49,,20,12,
55,,21,12,
60,,22,12,
65,,23,12,
70,,24,12,
75,,25,12,
84,,26,12,
90,,27,12,
70,,28,12,
90,,29,12,
91,,30,12,
82,,31,12,
86,,32,12,
78,,33,12,
71,,34,12,
68,,35,12,
61,,36,12,
53,,37,12,
38,,38,12,
44,,39,12,
78,,40,12,
78,,41,12,
78,,42,12,
78,,43,12,
79,,44,12,
80,,45,12,
83,,46,12,
84,,47,12,
87,,48,12,
86,,5,13,
91,,6,13,
174,,7,13,
97,,8,13,
83,,49,13,
35,,10,13,
35,,11,13,
35,,12,13,
104,,13,13,
35,,14,13,
35,,15,13,
35,,16,13,
35,,17,13,
35,,18,13,
35,,19,13,
44,,20,13,
49,,21,13,
57,,22,13,
61,,23,13,
67,,24,13,
72,,25,13,
81,,26,13,
87,,27,13,
66,,28,13,
86,,29,13,
88,,30,13,
78,,31,13,
83,,32,13,
75,,33,13,
67,,34,13,
65,,35,13,
58,,36,13,
47,,37,13,
35,,38,13,
39,,39,13,
74,,40,13,
74,,41,13,
74,,42,13,
74,,43,13,
76,,44,13,
77,,45,13,
80,,46,13,
81,,47,13,
83,,48,13,
85,,5,14,
90,,6,14,
173,,7,14,
96,,8,14,
83,,49,14,
35,,10,14,
35,,11,14,
35,,12,14,
35,,13,14,
104,,14,14,
35,,15,14,
35,,16,14,
35,,17,14,
35,,18,14,
35,,19,14,
41,,20,14,
47,,21,14,
56,,22,14,
61,,23,14,
65,,24,14,
71,,25,14,
80,,26,14,
86,,27,14,
66,,28,14,
86,,29,14,
87,,30,14,
77,,31,14,
82,,32,14,
74,,33,14,
66,,34,14,
63,,35,14,
56,,36,14,
45,,37,14,
35,,38,14,
36,,39,14,
73,,40,14,
73,,41,14,
73,,42,14,
73,,43,14,
75,,44,14,
76,,45,14,
79,,46,14,
80,,47,14,
82,,48,14,
83,,5,15,
88,,6,15,
172,,7,15,
94,,8,15,
81,,49,15,
35,,10,15,
35,,11,15,
35,,12,15,
35,,13,15,
35,,14,15,
104,,15,15,
35,,16,15,
35,,17,15,
35,,18,15,
35,,19,15,
38,,20,15,
44,,21,15,
53,,22,15,
59,,23,15,
64,,24,15,
69,,25,15,
78,,26,15,
84,,27,15,
64,,28,15,
84,,29,15,
86,,30,15,
76,,31,15,
80,,32,15,
73,,33,15,
65,,34,15,
62,,35,15,
53,,36,15,
42,,37,15,
35,,38,15,
35,,39,15,
70,,40,15,
70,,41,15,
70,,42,15,
70,,43,15,
73,,44,15,
74,,45,15,
77,,46,15,
78,,47,15,
80,,48,15,
81,,5,16,
86,,6,16,
169,,7,16,
92,,8,16,
79,,49,16,
48,,10,16,
42,,11,16,
37,,12,16,
35,,13,16,
35,,14,16,
35,,15,16,
104,,16,16,
35,,17,16,
35,,18,16,
35,,19,16,
35,,20,16,
40,,21,16,
49,,22,16,
55,,23,16,
62,,24,16,
67,,25,16,
76,,26,16,
82,,27,16,
62,,28,16,
82,,29,16,
86,,30,16,
76,,31,16,
78,,32,16,
73,,33,16,
65,,34,16,
62,,35,16,
52,,36,16,
35,,37,16,
35,,38,16,
35,,39,16,
66,,40,16,
66,,41,16,
66,,42,16,
66,,43,16,
69,,44,16,
71,,45,16,
75,,46,16,
76,,47,16,
78,,48,16,
79,,5,17,
84,,6,17,
168,,7,17,
90,,8,17,
77,,49,17,
52,,10,17,
46,,11,17,
41,,12,17,
35,,13,17,
35,,14,17,
35,,15,17,
35,,16,17,
104,,17,17,
35,,18,17,
35,,19,17,
35,,20,17,
35,,21,17,
45,,22,17,
52,,23,17,
60,,24,17,
65,,25,17,
74,,26,17,
80,,27,17,
60,,28,17,
80,,29,17,
86,,30,17,
77,,31,17,
76,,32,17,
73,,33,17,
66,,34,17,
63,,35,17,
55,,36,17,
44,,37,17,
35,,38,17,
35,,39,17,
62,,40,17,
62,,41,17,
62,,42,17,
62,,43,17,
65,,44,17,
67,,45,17,
72,,46,17,
74,,47,17,
76,,48,17,
79,,5,18,
84,,6,18,
168,,7,18,
90,,8,18,
77,,49,18,
52,,10,18,
46,,11,18,
41,,12,18,
35,,13,18,
35,,14,18,
35,,15,18,
35,,16,18,
35,,17,18,
104,,18,18,
35,,19,18,
35,,20,18,
35,,21,18,
45,,22,18,
52,,23,18,
60,,24,18,
65,,25,18,
74,,26,18,
80,,27,18,
60,,28,18,
80,,29,18,
86,,30,18,
77,,31,18,
76,,32,18,
73,,33,18,
66,,34,18,
63,,35,18,
55,,36,18,
44,,37,18,
35,,38,18,
35,,39,18,
62,,40,18,
62,,41,18,
62,,42,18,
62,,43,18,
65,,44,18,
67,,45,18,
72,,46,18,
74,,47,18,
76,,48,18,
79,,5,19,
84,,6,19,
168,,7,19,
90,,8,19,
77,,49,19,
52,,10,19,
46,,11,19,
41,,12,19,
35,,13,19,
35,,14,19,
35,,15,19,
35,,16,19,
35,,17,19,
35,,18,19,
104,,19,19,
35,,20,19,
35,,21,19,
45,,22,19,
52,,23,19,
60,,24,19,
65,,25,19,
74,,26,19,
80,,27,19,
60,,28,19,
80,,29,19,
86,,30,19,
77,,31,19,
76,,32,19,
73,,33,19,
66,,34,19,
63,,35,19,
55,,36,19,
44,,37,19,
35,,38,19,
35,,39,19,
62,,40,19,
62,,41,19,
62,,42,19,
62,,43,19,
65,,44,19,
67,,45,19,
72,,46,19,
74,,47,19,
76,,48,19,
84,,5,20,
89,,6,20,
173,,7,20,
95,,8,20,
72,,49,20,
58,,10,20,
54,,11,20,
49,,12,20,
44,,13,20,
41,,14,20,
38,,15,20,
35,,16,20,
35,,17,20,
35,,18,20,
35,,19,20,
104,,20,20,
35,,21,20,
35,,22,20,
44,,23,20,
52,,24,20,
60,,25,20,
69,,26,20,
75,,27,20,
52,,28,20,
75,,29,20,
89,,30,20,
80,,31,20,
81,,32,20,
76,,33,20,
69,,34,20,
66,,35,20,
60,,36,20,
50,,37,20,
36,,38,20,
35,,39,20,
70,,40,20,
70,,41,20,
70,,42,20,
70,,43,20,
73,,44,20,
75,,45,20,
78,,46,20,
79,,47,20,
82,,48,20,
88,,5,21,
93,,6,21,
176,,7,21,
99,,8,21,
69,,49,21,
62,,10,21,
58,,11,21,
55,,12,21,
49,,13,21,
47,,14,21,
44,,15,21,
40,,16,21,
35,,17,21,
35,,18,21,
35,,19,21,
35,,20,21,
104,,21,21,
35,,22,21,
35,,23,21,
46,,24,21,
54,,25,21,
66,,26,21,
72,,27,21,
46,,28,21,
72,,29,21,
93,,30,21,
83,,31,21,
85,,32,21,
80,,33,21,
72,,34,21,
70,,35,21,
63,,36,21,
56,,37,21,
41,,38,21,
39,,39,21,
76,,40,21,
76,,41,21,
76,,42,21,
76,,43,21,
78,,44,21,
79,,45,21,
81,,46,21,
83,,47,21,
85,,48,21,
93,,5,22,
98,,6,22,
181,,7,22,
104,,8,22,
64,,49,22,
67,,10,22,
64,,11,22,
60,,12,22,
57,,13,22,
56,,14,22,
53,,15,22,
49,,16,22,
45,,17,22,
45,,18,22,
45,,19,22,
35,,20,22,
35,,21,22,
104,,22,22,
35,,23,22,
35,,24,22,
46,,25,22,
59,,26,22,
67,,27,22,
35,,28,22,
66,,29,22,
98,,30,22,
89,,31,22,
90,,32,22,
85,,33,22,
78,,34,22,
75,,35,22,
69,,36,22,
62,,37,22,
50,,38,22,
48,,39,22,
82,,40,22,
82,,41,22,
82,,42,22,
82,,43,22,
83,,44,22,
84,,45,22,
87,,46,22,
88,,47,22,
90,,48,22,
98,,5,23,
102,,6,23,
186,,7,23,
108,,8,23,
35,,49,23,
72,,10,23,
68,,11,23,
65,,12,23,
61,,13,23,
61,,14,23,
59,,15,23,
55,,16,23,
52,,17,23,
52,,18,23,
52,,19,23,
44,,20,23,
35,,21,23,
35,,22,23,
104,,23,23,
35,,24,23,
35,,25,23,
35,,26,23,
35,,27,23,
35,,28,23,
35,,29,23,
102,,30,23,
93,,31,23,
94,,32,23,
89,,33,23,
82,,34,23,
79,,35,23,
73,,36,23,
66,,37,23,
56,,38,23,
55,,39,23,
86,,40,23,
86,,41,23,
86,,42,23,
86,,43,23,
87,,44,23,
88,,45,23,
91,,46,23,
92,,47,23,
95,,48,23,
103,,5,24,
107,,6,24,
191,,7,24,
113,,8,24,
64,,49,24,
77,,10,24,
73,,11,24,
70,,12,24,
67,,13,24,
65,,14,24,
64,,15,24,
62,,16,24,
60,,17,24,
60,,18,24,
60,,19,24,
52,,20,24,
46,,21,24,
35,,22,24,
35,,23,24,
104,,24,24,
35,,25,24,
35,,26,24,
35,,27,24,
35,,28,24,
67,,29,24,
107,,30,24,
98,,31,24,
99,,32,24,
94,,33,24,
87,,34,24,
84,,35,24,
78,,36,24,
71,,37,24,
62,,38,24,
62,,39,24,
91,,40,24,
91,,41,24,
91,,42,24,
91,,43,24,
93,,44,24,
94,,45,24,
96,,46,24,
98,,47,24,
100,,48,24,
108,,5,25,
113,,6,25,
196,,7,25,
119,,8,25,
70,,49,25,
82,,10,25,
78,,11,25,
75,,12,25,
72,,13,25,
71,,14,25,
69,,15,25,
67,,16,25,
65,,17,25,
65,,18,25,
65,,19,25,
60,,20,25,
54,,21,25,
46,,22,25,
35,,23,25,
35,,24,25,
104,,25,25,
35,,26,25,
35,,27,25,
47,,28,25,
73,,29,25,
113,,30,25,
103,,31,25,
105,,32,25,
100,,33,25,
92,,34,25,
90,,35,25,
83,,36,25,
76,,37,25,
67,,38,25,
67,,39,25,
97,,40,25,
97,,41,25,
97,,42,25,
97,,43,25,
98,,44,25,
99,,45,25,
102,,46,25,
103,,47,25,
105,,48,25,
117,,5,26,
121,,6,26,
205,,7,26,
127,,8,26,
78,,49,26,
91,,10,26,
87,,11,26,
84,,12,26,
81,,13,26,
80,,14,26,
78,,15,26,
76,,16,26,
74,,17,26,
74,,18,26,
74,,19,26,
69,,20,26,
66,,21,26,
59,,22,26,
35,,23,26,
35,,24,26,
35,,25,26,
104,,26,26,
35,,27,26,
60,,28,26,
81,,29,26,
122,,30,26,
112,,31,26,
113,,32,26,
109,,33,26,
101,,34,26,
99,,35,26,
92,,36,26,
85,,37,26,
76,,38,26,
76,,39,26,
105,,40,26,
105,,41,26,
105,,42,26,
105,,43,26,
107,,44,26,
108,,45,26,
110,,46,26,
112,,47,26,
114,,48,26,
123,,5,27,
128,,6,27,
211,,7,27,
134,,8,27,
84,,49,27,
97,,10,27,
93,,11,27,
90,,12,27,
87,,13,27,
86,,14,27,
84,,15,27,
82,,16,27,
80,,17,27,
80,,18,27,
80,,19,27,
75,,20,27,
72,,21,27,
67,,22,27,
35,,23,27,
35,,24,27,
35,,25,27,
35,,26,27,
104,,27,27,
68,,28,27,
87,,29,27,
128,,30,27,
118,,31,27,
120,,32,27,
115,,33,27,
107,,34,27,
105,,35,27,
98,,36,27,
91,,37,27,
82,,38,27,
82,,39,27,
112,,40,27,
112,,41,27,
112,,42,27,
112,,43,27,
113,,44,27,
114,,45,27,
117,,46,27,
118,,47,27,
120,,48,27,
103,,5,28,
107,,6,28,
191,,7,28,
113,,8,28,
35,,49,28,
77,,10,28,
73,,11,28,
70,,12,28,
66,,13,28,
66,,14,28,
64,,15,28,
62,,16,28,
60,,17,28,
60,,18,28,
60,,19,28,
52,,20,28,
46,,21,28,
35,,22,28,
35,,23,28,
35,,24,28,
47,,25,28,
60,,26,28,
68,,27,28,
104,,28,28,
35,,29,28,
107,,30,28,
98,,31,28,
99,,32,28,
94,,33,28,
87,,34,28,
84,,35,28,
78,,36,28,
71,,37,28,
62,,38,28,
62,,39,28,
91,,40,28,
91,,41,28,
91,,42,28,
91,,43,28,
92,,44,28,
93,,45,28,
96,,46,28,
97,,47,28,
100,,48,28,
123,,5,29,
127,,6,29,
211,,7,29,
133,,8,29,
35,,49,29,
97,,10,29,
93,,11,29,
90,,12,29,
86,,13,29,
86,,14,29,
84,,15,29,
82,,16,29,
80,,17,29,
80,,18,29,
80,,19,29,
75,,20,29,
72,,21,29,
66,,22,29,
35,,23,29,
67,,24,29,
73,,25,29,
81,,26,29,
87,,27,29,
35,,28,29,
104,,29,29,
127,,30,29,
118,,31,29,
119,,32,29,
114,,33,29,
107,,34,29,
104,,35,29,
98,,36,29,
91,,37,29,
82,,38,29,
82,,39,29,
111,,40,29,
111,,41,29,
111,,42,29,
111,,43,29,
112,,44,29,
113,,45,29,
116,,46,29,
117,,47,29,
120,,48,29,
130,,5,30,
135,,6,30,
218,,7,30,
141,,8,30,
124,,49,30,
98,,10,30,
94,,11,30,
91,,12,30,
88,,13,30,
87,,14,30,
86,,15,30,
86,,16,30,
86,,17,30,
86,,18,30,
86,,19,30,
89,,20,30,
93,,21,30,
98,,22,30,
102,,23,30,
107,,24,30,
113,,25,30,
122,,26,30,
128,,27,30,
107,,28,30,
127,,29,30,
104,,30,30,
35,,31,30,
127,,32,30,
35,,33,30,
35,,34,30,
35,,35,30,
67,,36,30,
73,,37,30,
83,,38,30,
89,,39,30,
119,,40,30,
119,,41,30,
119,,42,30,
119,,43,30,
120,,44,30,
121,,45,30,
124,,46,30,
125,,47,30,
127,,48,30,
121,,5,31,
125,,6,31,
209,,7,31,
131,,8,31,
115,,49,31,
88,,10,31,
85,,11,31,
82,,12,31,
78,,13,31,
77,,14,31,
76,,15,31,
76,,16,31,
77,,17,31,
77,,18,31,
77,,19,31,
80,,20,31,
83,,21,31,
89,,22,31,
93,,23,31,
98,,24,31,
103,,25,31,
112,,26,31,
118,,27,31,
98,,28,31,
118,,29,31,
35,,30,31,
104,,31,31,
117,,32,31,
35,,33,31,
35,,34,31,
35,,35,31,
55,,36,31,
64,,37,31,
74,,38,31,
80,,39,31,
109,,40,31,
109,,41,31,
109,,42,31,
109,,43,31,
111,,44,31,
112,,45,31,
114,,46,31,
116,,47,31,
118,,48,31,
58,,5,32,
58,,6,32,
144,,7,32,
67,,8,32,
116,,49,32,
93,,10,32,
89,,11,32,
86,,12,32,
83,,13,32,
82,,14,32,
80,,15,32,
78,,16,32,
76,,17,32,
76,,18,32,
76,,19,32,
81,,20,32,
85,,21,32,
90,,22,32,
94,,23,32,
99,,24,32,
105,,25,32,
113,,26,32,
120,,27,32,
99,,28,32,
119,,29,32,
127,,30,32,
117,,31,32,
104,,32,32,
114,,33,32,
106,,34,32,
104,,35,32,
97,,36,32,
90,,37,32,
80,,38,32,
75,,39,32,
65,,40,32,
65,,41,32,
65,,42,32,
65,,43,32,
62,,44,32,
60,,45,32,
58,,46,32,
58,,47,32,
58,,48,32,
117,,5,33,
122,,6,33,
205,,7,33,
128,,8,33,
111,,49,33,
85,,10,33,
81,,11,33,
78,,12,33,
75,,13,33,
74,,14,33,
73,,15,33,
73,,16,33,
73,,17,33,
73,,18,33,
73,,19,33,
76,,20,33,
80,,21,33,
85,,22,33,
89,,23,33,
94,,24,33,
100,,25,33,
109,,26,33,
115,,27,33,
94,,28,33,
114,,29,33,
35,,30,33,
35,,31,33,
114,,32,33,
104,,33,33,
35,,34,33,
35,,35,33,
35,,36,33,
35,,37,33,
70,,38,33,
76,,39,33,
106,,40,33,
106,,41,33,
106,,42,33,
106,,43,33,
107,,44,33,
108,,45,33,
111,,46,33,
112,,47,33,
114,,48,33,
110,,5,34,
114,,6,34,
198,,7,34,
120,,8,34,
104,,49,34,
78,,10,34,
74,,11,34,
71,,12,34,
67,,13,34,
66,,14,34,
65,,15,34,
65,,16,34,
66,,17,34,
66,,18,34,
66,,19,34,
69,,20,34,
72,,21,34,
78,,22,34,
82,,23,34,
87,,24,34,
92,,25,34,
101,,26,34,
107,,27,34,
87,,28,34,
107,,29,34,
35,,30,34,
35,,31,34,
106,,32,34,
35,,33,34,
104,,34,34,
35,,35,34,
35,,36,34,
35,,37,34,
62,,38,34,
69,,39,34,
98,,40,34,
98,,41,34,
98,,42,34,
98,,43,34,
100,,44,34,
101,,45,34,
103,,46,34,
104,,47,34,
107,,48,34,
107,,5,35,
112,,6,35,
195,,7,35,
118,,8,35,
101,,49,35,
74,,10,35,
71,,11,35,
68,,12,35,
65,,13,35,
63,,14,35,
62,,15,35,
62,,16,35,
63,,17,35,
63,,18,35,
63,,19,35,
66,,20,35,
70,,21,35,
75,,22,35,
79,,23,35,
84,,24,35,
90,,25,35,
99,,26,35,
105,,27,35,
84,,28,35,
104,,29,35,
35,,30,35,
35,,31,35,
104,,32,35,
35,,33,35,
35,,34,35,
104,,35,35,
35,,36,35,
35,,37,35,
58,,38,35,
66,,39,35,
95,,40,35,
95,,41,35,
95,,42,35,
95,,43,35,
97,,44,35,
98,,45,35,
100,,46,35,
102,,47,35,
104,,48,35,
100,,5,36,
105,,6,36,
189,,7,36,
111,,8,36,
95,,49,36,
68,,10,36,
65,,11,36,
61,,12,36,
58,,13,36,
56,,14,36,
53,,15,36,
52,,16,36,
55,,17,36,
55,,18,36,
55,,19,36,
60,,20,36,
63,,21,36,
69,,22,36,
73,,23,36,
78,,24,36,
83,,25,36,
92,,26,36,
98,,27,36,
78,,28,36,
98,,29,36,
67,,30,36,
55,,31,36,
97,,32,36,
35,,33,36,
35,,34,36,
35,,35,36,
104,,36,36,
35,,37,36,
48,,38,36,
59,,39,36,
89,,40,36,
89,,41,36,
89,,42,36,
89,,43,36,
90,,44,36,
91,,45,36,
94,,46,36,
95,,47,36,
98,,48,36,
94,,5,37,
98,,6,37,
182,,7,37,
104,,8,37,
88,,49,37,
61,,10,37,
58,,11,37,
53,,12,37,
47,,13,37,
45,,14,37,
42,,15,37,
35,,16,37,
44,,17,37,
44,,18,37,
44,,19,37,
50,,20,37,
56,,21,37,
62,,22,37,
66,,23,37,
71,,24,37,
76,,25,37,
85,,26,37,
91,,27,37,
71,,28,37,
91,,29,37,
73,,30,37,
64,,31,37,
90,,32,37,
35,,33,37,
35,,34,37,
35,,35,37,
35,,36,37,
104,,37,37,
35,,38,37,
48,,39,37,
82,,40,37,
82,,41,37,
82,,42,37,
82,,43,37,
83,,44,37,
84,,45,37,
87,,46,37,
88,,47,37,
91,,48,37,
84,,5,38,
88,,6,38,
172,,7,38,
94,,8,38,
79,,49,38,
49,,10,38,
43,,11,38,
38,,12,38,
35,,13,38,
35,,14,38,
35,,15,38,
35,,16,38,
35,,17,38,
35,,18,38,
35,,19,38,
36,,20,38,
41,,21,38,
50,,22,38,
56,,23,38,
62,,24,38,
67,,25,38,
76,,26,38,
82,,27,38,
62,,28,38,
82,,29,38,
83,,30,38,
74,,31,38,
80,,32,38,
70,,33,38,
62,,34,38,
58,,35,38,
48,,36,38,
35,,37,38,
104,,38,38,
35,,39,38,
70,,40,38,
70,,41,38,
70,,42,38,
70,,43,38,
73,,44,38,
75,,45,38,
77,,46,38,
78,,47,38,
81,,48,38,
78,,5,39,
83,,6,39,
166,,7,39,
89,,8,39,
79,,49,39,
55,,10,39,
49,,11,39,
44,,12,39,
39,,13,39,
36,,14,39,
35,,15,39,
35,,16,39,
35,,17,39,
35,,18,39,
35,,19,39,
35,,20,39,
39,,21,39,
48,,22,39,
55,,23,39,
62,,24,39,
67,,25,39,
76,,26,39,
82,,27,39,
62,,28,39,
82,,29,39,
89,,30,39,
80,,31,39,
75,,32,39,
76,,33,39,
69,,34,39,
66,,35,39,
59,,36,39,
48,,37,39,
35,,38,39,
104,,39,39,
58,,40,39,
58,,41,39,
58,,42,39,
58,,43,39,
62,,44,39,
64,,45,39,
68,,46,39,
71,,47,39,
75,,48,39,
71,,5,40,
78,,6,40,
162,,7,40,
85,,8,40,
108,,49,40,
85,,10,40,
81,,11,40,
78,,12,40,
74,,13,40,
73,,14,40,
70,,15,40,
66,,16,40,
62,,17,40,
62,,18,40,
62,,19,40,
70,,20,40,
76,,21,40,
82,,22,40,
86,,23,40,
91,,24,40,
97,,25,40,
105,,26,40,
112,,27,40,
91,,28,40,
111,,29,40,
119,,30,40,
109,,31,40,
65,,32,40,
106,,33,40,
98,,34,40,
95,,35,40,
89,,36,40,
82,,37,40,
70,,38,40,
58,,39,40,
104,,40,40,
35,,41,40,
35,,42,40,
35,,43,40,
35,,44,40,
35,,45,40,
35,,46,40,
35,,47,40,
59,,48,40,
71,,5,41,
78,,6,41,
162,,7,41,
85,,8,41,
108,,49,41,
85,,10,41,
81,,11,41,
78,,12,41,
74,,13,41,
73,,14,41,
70,,15,41,
66,,16,41,
62,,17,41,
62,,18,41,
62,,19,41,
70,,20,41,
76,,21,41,
82,,22,41,
86,,23,41,
91,,24,41,
97,,25,41,
105,,26,41,
112,,27,41,
91,,28,41,
111,,29,41,
119,,30,41,
109,,31,41,
65,,32,41,
106,,33,41,
98,,34,41,
95,,35,41,
89,,36,41,
82,,37,41,
70,,38,41,
58,,39,41,
35,,40,41,
104,,41,41,
35,,42,41,
35,,43,41,
35,,44,41,
35,,45,41,
35,,46,41,
35,,47,41,
59,,48,41,
71,,5,42,
78,,6,42,
162,,7,42,
85,,8,42,
108,,49,42,
85,,10,42,
81,,11,42,
78,,12,42,
74,,13,42,
73,,14,42,
70,,15,42,
66,,16,42,
62,,17,42,
62,,18,42,
62,,19,42,
70,,20,42,
76,,21,42,
82,,22,42,
86,,23,42,
91,,24,42,
97,,25,42,
105,,26,42,
112,,27,42,
91,,28,42,
111,,29,42,
119,,30,42,
109,,31,42,
65,,32,42,
106,,33,42,
98,,34,42,
95,,35,42,
89,,36,42,
82,,37,42,
70,,38,42,
58,,39,42,
35,,40,42,
35,,41,42,
104,,42,42,
35,,43,42,
35,,44,42,
35,,45,42,
35,,46,42,
35,,47,42,
59,,48,42,
71,,5,43,
78,,6,43,
162,,7,43,
85,,8,43,
108,,49,43,
85,,10,43,
81,,11,43,
78,,12,43,
74,,13,43,
73,,14,43,
70,,15,43,
66,,16,43,
62,,17,43,
62,,18,43,
62,,19,43,
70,,20,43,
76,,21,43,
82,,22,43,
86,,23,43,
91,,24,43,
97,,25,43,
105,,26,43,
112,,27,43,
91,,28,43,
111,,29,43,
119,,30,43,
109,,31,43,
65,,32,43,
106,,33,43,
98,,34,43,
95,,35,43,
89,,36,43,
82,,37,43,
70,,38,43,
58,,39,43,
35,,40,43,
35,,41,43,
35,,42,43,
104,,43,43,
35,,44,43,
35,,45,43,
35,,46,43,
35,,47,43,
59,,48,43,
68,,5,44,
75,,6,44,
161,,7,44,
83,,8,44,
109,,49,44,
86,,10,44,
83,,11,44,
79,,12,44,
76,,13,44,
75,,14,44,
73,,15,44,
69,,16,44,
65,,17,44,
65,,18,44,
65,,19,44,
73,,20,44,
78,,21,44,
83,,22,44,
87,,23,44,
93,,24,44,
98,,25,44,
107,,26,44,
113,,27,44,
92,,28,44,
112,,29,44,
120,,30,44,
111,,31,44,
62,,32,44,
107,,33,44,
100,,34,44,
97,,35,44,
90,,36,44,
83,,37,44,
73,,38,44,
62,,39,44,
35,,40,44,
35,,41,44,
35,,42,44,
35,,43,44,
104,,44,44,
35,,45,44,
35,,46,44,
35,,47,44,
55,,48,44,
66,,5,45,
73,,6,45,
159,,7,45,
82,,8,45,
110,,49,45,
87,,10,45,
83,,11,45,
80,,12,45,
77,,13,45,
76,,14,45,
74,,15,45,
71,,16,45,
67,,17,45,
67,,18,45,
67,,19,45,
75,,20,45,
79,,21,45,
84,,22,45,
88,,23,45,
94,,24,45,
99,,25,45,
108,,26,45,
114,,27,45,
93,,28,45,
113,,29,45,
121,,30,45,
112,,31,45,
60,,32,45,
108,,33,45,
101,,34,45,
98,,35,45,
91,,36,45,
84,,37,45,
75,,38,45,
64,,39,45,
35,,40,45,
35,,41,45,
35,,42,45,
35,,43,45,
35,,44,45,
104,,45,45,
35,,46,45,
35,,47,45,
55,,48,45,
61,,5,46,
68,,6,46,
154,,7,46,
78,,8,46,
113,,49,46,
90,,10,46,
86,,11,46,
83,,12,46,
80,,13,46,
79,,14,46,
77,,15,46,
75,,16,46,
72,,17,46,
72,,18,46,
72,,19,46,
78,,20,46,
81,,21,46,
87,,22,46,
91,,23,46,
96,,24,46,
102,,25,46,
110,,26,46,
117,,27,46,
96,,28,46,
116,,29,46,
124,,30,46,
114,,31,46,
58,,32,46,
111,,33,46,
103,,34,46,
100,,35,46,
94,,36,46,
87,,37,46,
77,,38,46,
68,,39,46,
35,,40,46,
35,,41,46,
35,,42,46,
35,,43,46,
35,,44,46,
35,,45,46,
104,,46,46,
35,,47,46,
55,,48,46,
58,,5,47,
66,,6,47,
152,,7,47,
75,,8,47,
114,,49,47,
91,,10,47,
87,,11,47,
84,,12,47,
81,,13,47,
80,,14,47,
78,,15,47,
76,,16,47,
74,,17,47,
74,,18,47,
74,,19,47,
79,,20,47,
83,,21,47,
88,,22,47,
92,,23,47,
98,,24,47,
103,,25,47,
112,,26,47,
118,,27,47,
97,,28,47,
117,,29,47,
125,,30,47,
116,,31,47,
58,,32,47,
112,,33,47,
104,,34,47,
102,,35,47,
95,,36,47,
88,,37,47,
78,,38,47,
71,,39,47,
35,,40,47,
35,,41,47,
35,,42,47,
35,,43,47,
35,,44,47,
35,,45,47,
35,,46,47,
104,,47,47,
55,,48,47,
58,,5,48,
58,,6,48,
148,,7,48,
71,,8,48,
117,,49,48,
93,,10,48,
90,,11,48,
87,,12,48,
83,,13,48,
82,,14,48,
80,,15,48,
78,,16,48,
76,,17,48,
76,,18,48,
76,,19,48,
82,,20,48,
85,,21,48,
90,,22,48,
95,,23,48,
100,,24,48,
105,,25,48,
114,,26,48,
120,,27,48,
100,,28,48,
120,,29,48,
127,,30,48,
118,,31,48,
58,,32,48,
114,,33,48,
107,,34,48,
104,,35,48,
98,,36,48,
91,,37,48,
81,,38,48,
75,,39,48,
59,,40,48,
59,,41,48,
59,,42,48,
59,,43,48,
55,,44,48,
55,,45,48,
55,,46,48,
55,,47,48,
104,,48,48,
