fare_id,route_id,origin_id,destination_id,contains_id
1,5998,,,
1,1002,,,
1,1003,,,
1,6000,,,
1,1006,,,
1,1071,,,
1,1072,,,
1,1108,,,
1,1109,,,
1,1110,,,
1,1900,,,
1,1901,,,
1,2010,,,
1,2012,,,
1,6005,,,
1,6006,,,
1,6007,,,
1,6008,,,
1,6009,,,
1,6010,,,
1,6011,,,
1,6012,,,
1,6013,,,
1,6014,,,
1,1028,,,
1,1029,,,
1,1030,,,
1,1045,,,
1,6019,,,
1,6020,,,
1,6021,,,
1,6022,,,
1,6023,,,
1,6024,,,
1,6025,,,
1,6026,,,
1,6027,,,
1,6028,,,
1,6029,,,
1,6030,,,
1,6031,,,
1,6032,,,
1,6033,,,
1,6034,,,
2,1059,,,
2,1060,,,
1,6036,,,
1,6037,,,
1,6038,,,
1,6039,,,
1,1080,,,
1,1081,,,
1,1082,,,
1,6041,,,
1,6042,,,
1,6043,,,
1,1101,,,
1,1102,,,
1,1103,,,
1,1104,,,
1,1105,,,
1,1106,,,
1,6439,,,
1,1033,,,
1,1034,,,
1,1031,,,
1,1032,,,
1,1038,,,
1,1039,,,
1,6055,,,
1,1115,,,
1,1114,,,
1,6057,,,
1,6058,,,
1,6430,,,
1,1094,,,
1,1093,,,
1,1197,,,
1,1199,,,
1,1198,,,
1,1196,,,