Route_Num_1,Route_Num_2,Stop_ID,Pattern_ID_1,Pattern_ID_2
25,25,,11025054,20025051,118
26,124,18380,20026028,21124031,118
124,124,619,10124029,21124032,118
43,43,,20043049,11043047,118
24,131,20740,20024088,21131091,118
56,18,15290,10056079,11018477,118
18,21,2210,20018485,21021357,118
15,21,2210,20015989,21021357,118
18,22,2210,20018483,21022086,118
15,22,2210,20015985,21022086,118
23,28,30635,10023016,11028503,118
15,57,2210,20015987,21057014,118
182,187,60634,10182009,21187013,118
66,66,,20066018,11066020,118
4,3,,20004005,21003523,118
3,3,,20003006,21003523,118
51,51,,20051002,11051001,118
70,70,,11070032,20070022,118
14,14,,11014017,20014005,118
4,2,,20004005,21002511,118
13,3,,20013020,21003521,118
2,3,,20002011,21003521,118
132,24,30635,10132361,11024074,118
131,24,30635,10131087,11024074,118
131,24,30635,10131080,11024076,118
75,330,10860,31075145,31330005,118
125,11,15445,10125015,11011030,118
14,12,1085,20014014,21012017,118
82,82,,11082004,20082006,118
331,345,5489,30331014,20345005,118
347,345,23273,20347011,11345006,118
348,345,23273,20348009,11345006,118
49,7,1085,20049009,21007002,118
67,65,9610,20067057,11065066,118
68,31,75406,20068052,31031024,118
182,182,,10182009,21182008,118
187,187,,21187012,10187008,118
187,187,,21187013,10187010,118
222,233,82720,10222065,41233036,118
221,221,,10221026,21221062,118
11,125,1085,20011041,21125023,118
3,4,,10003501,11004017,118
3,3,,10003501,11003013,118
230,253,68002,40230573,41253525,118
203,203,,41203035,30203036,118
230,230,,30230049,31230574,118
43,44,25751,11043043,11044011,118
139,139,,21139008,10139007,118
121,121,190,10121069,21121080,118
236,238,74390,20236060,11238054,118
48,48,,20048007,21048527,118
345,348,17024,20345015,11348008,118
27,17,27430,10027022,11017055,118
56,15,15290,10056079,11015982,118
22,15,15290,10022085,11015983,118
21,18,15290,10021354,11018479,118
18,21,2210,20018485,21021356,118
15,21,2210,20015987,21021357,118
15,21,2210,20015987,21021358,118
15,21,2210,20015985,21021358,118
23,28,30635,10023016,11028510,118
540,540,,30540523,41540521,118
248,248,,30248018,41248030,118
540,540,,41540520,30540524,118
3,3,,21003525,10003501,118
55,55,,21055283,10055001,118
2,2,,20002011,21002511,118
3,4,,20003006,21004511,118
10,12,1085,20010020,21012017,118
82,82,,11082004,20082005,118
48,48,,20048004,21048523,118
4,4,,21004511,10004516,118
75,330,10860,31075145,31330004,118
83,83,,11083004,20083002,118
222,233,82720,10222065,41233037,118
5,55,7430,20005133,21055289,118
11,125,1085,20011041,21125021,118
11,125,1085,20011041,21125022,118
28,23,18380,20028493,21023005,118
68,31,75406,20068051,31031024,118
331,331,,41331023,30331020,118
5,55,7430,20005139,21055289,118
55,55,,10055290,21055291,118
230,230,,40230572,41230045,118
11,125,1085,20011041,21125026,118
13,13,,11013017,20013020,118
3,3,,10003505,11003012,118
204,203,64140,10204013,41203033,118
203,203,,41203031,30203036,118
203,203,,41203033,30203037,118
24,132,20740,20024061,21132363,118
232,232,,30232098,41232106,118
33,39,2220,20033049,21039408,118
33,39,2220,20033049,21039409,118
48,48,,20048004,21048527,118
81,81,,11081004,20081007,118
24,131,20740,20024063,21131082,118
48,48,,10048526,11048018,118
21,18,15290,10021355,11018478,118
56,18,15290,10056079,11018479,118
21,21,,21021356,10021355,118
23,28,30635,10023016,11028502,118
41,41,,20041211,11041204,118
51,51,,11051001,20051002,118
12,10,1400,10012025,11010018,118
2,2,,11002021,20002011,118
2,2,,11002020,20002011,118
36,1,3600,10036373,11001007,118
17,27,26665,20017056,21027019,118
202,202,,21202081,10202061,118
202,202,,21202082,10202061,118
132,24,30635,10132359,11024076,118
372,372,,11372040,20372039,118
280,280,620,21280025,10280030,118
49,7,1085,20049012,21007002,118
49,7,1085,20049009,21007003,118
7,49,1500,10007019,11049007,118
37,25,15290,10037050,11025038,118
66,67,,11066022,20067057,118
67,65,9610,20067056,11065066,118
183,153,57453,10183030,10153018,118
221,221,,10221069,21221063,118
5,55,7430,20005136,21055289,118
230,230,,40230571,41230045,118
4,13,12880,10004513,11013018,118
230,230,,40230573,41230036,118
203,204,64140,30203001,21204015,118
204,213,64140,10204017,41213013,118
44,43,10911,20044006,20043038,118
36,36,,21036378,10036373,118
25,25,,20025055,11025058,118
148,107,46468,10148007,10107014,118
48,48,,20048004,21048528,118
54,5,19940,10054109,11005145,118
26,124,18380,20026028,21124024,118
56,15,15290,10056079,11015984,118
22,18,15290,10022085,11018477,118
18,18,,11018477,20018485,118
18,21,2210,20018483,21021356,118
18,21,2210,20018485,21021358,118
15,22,2210,20015987,21022086,118
23,28,30635,10023015,11028503,118
4,3,,20004020,21003521,118
4,3,,20004005,21003521,118
131,24,30635,10131089,11024074,118
131,24,30635,10131081,11024074,118
131,24,30635,10131079,11024074,118
125,11,15445,10125012,11011030,118
81,81,,11081004,20081005,118
7,49,1500,10007020,11049007,118
67,65,9610,20067057,11065064,118
67,65,9610,20067056,11065064,118
222,249,,10222065,41249100,118
222,221,,21222062,10221070,118
11,125,1085,20011041,21125024,118
28,23,18380,20028489,21023005,118
28,23,18380,20028416,21023005,118
2,13,3037,10002521,11013018,118
3,13,12880,10003501,11013018,118
3,4,,10003501,11004019,118
204,203,64140,10204017,41203033,118
2,2,,10002521,11002021,118
118,118,,21118342,10118362,118
1,36,2672,20001018,21036378,118
44,44,,11044011,20044006,118
28,23,18380,20028493,21023007,118
230,230,,30230049,31230575,118
38,38,,30038007,41038006,118
121,121,190,10121069,21121081,118
24,132,20740,20024088,21132363,118
48,48,,10048526,11048017,118
232,232,,30232098,41232105,118
345,331,5493,11345006,41331026,118
25,25,,20025056,11025054,118
55,5,19940,10055287,11005145,118
54,5,19940,10054092,11005145,118
84,84,,11084016,20084019,118
348,348,,11348008,20348009,118
44,43,10911,20044009,20043050,118
24,131,20740,20024063,21131086,118
57,15,,10057013,11015983,118
21,15,15290,10021354,11015983,118
21,18,15290,10021355,11018477,118
22,18,15290,10022085,11018478,118
22,18,15290,10022085,11018479,118
15,56,2210,20015985,21056081,118
23,28,30635,10023015,11028502,118
24,132,20740,20024063,21132368,118
65,67,25210,20065057,11067060,118
4,4,,11004016,20004010,118
213,213,,41213013,30213012,118
4,4,,20004020,21004511,118
84,84,,11084015,20084006,118
31,31,,31031024,40031039,118
131,24,30635,10131078,11024074,118
131,24,30635,10131079,11024076,118
12,12,,21012016,10012024,118
10,12,1085,20010020,21012016,118
331,345,5489,30331015,20345005,118
280,280,620,21280028,10280029,118
7,49,1500,10007008,11049005,118
118,118,,21118335,10118347,118
7,7,,21007011,10007029,118
187,182,61332,10187008,21182008,118
187,187,,21187013,10187008,118
187,187,,21187012,10187010,118
153,183,57459,21153016,21183032,118
25,37,910,20025051,21037038,118
14,14,,10014534,11014002,118
48,48,,10048526,11048001,118
54,54,,21054099,10054092,118
5,54,7430,20005135,21054097,118
249,222,,30249106,21222058,118
249,222,,30249106,21222062,118
28,23,18380,20028417,21023005,118
75,75,,31075143,40075139,118
230,230,,40230572,41230036,118
203,204,64140,30203037,21204015,118
203,203,,41203031,30203037,118
4,36,,20004005,21036378,118
230,230,,30230049,31230591,118
15,15,,11015991,20015993,118
43,44,25751,11043048,11044011,118
24,132,20740,20024063,21132363,118
24,132,20740,20024063,21132364,118
232,232,,30232099,41232104,118
221,222,,21221071,10222066,118
347,346,23273,20347011,11346009,118
65,67,25210,20065057,11067050,118
42,42,,10042074,21042076,118
54,5,19940,10054092,11005144,118
83,83,,11083004,20083008,118
43,43,,20043050,11043047,118
44,43,10911,20044006,20043050,118
24,131,20740,20024063,21131083,118
56,15,15290,10056079,11015983,118
21,18,15290,10021354,11018477,118
15,21,2210,20015989,21021356,118
15,21,2210,20015987,21021356,118
18,21,2210,20018483,21021358,118
15,21,2210,20015989,21021358,118
18,22,2210,20018485,21022086,118
18,56,2210,20018483,21056081,118
15,56,2210,20015987,21056081,118
346,347,17024,20346008,11347009,118
203,203,,41203033,30203001,118
3,3,,20003014,21003521,118
3,3,,20003006,21003521,118
4,4,,11004004,20004005,118
4,4,,20004010,21004511,118
53,53,,31053004,40053002,118
107,148,46440,21107015,21148008,118
132,24,30635,10132359,11024074,118
48,48,,20048006,21048523,118
179,600,,10179035,20600005,118
44,43,10911,20044006,20043033,118
7,7,,21007011,10007009,118
49,49,,11049006,20049008,118
18,7,,20018488,21007018,118
31,68,26368,40031039,11068058,118
153,183,57459,21153016,21183033,118
55,55,,10055285,21055283,118
4,3,,10004513,11003012,118
4,4,,10004513,11004015,118
213,204,64140,30213014,21204015,118
118,118,,10118346,21118349,118
28,23,18380,20028417,21023007,118
122,121,190,10122015,21121081,118
24,132,20740,20024063,21132365,118
221,222,,21221072,10222066,118
348,346,,20348009,11346009,118
345,331,5493,11345006,41331025,118
33,39,2220,20033050,21039408,118
55,5,19940,10055287,11005144,118
345,348,17024,20345005,11348008,118
24,131,20740,20024061,21131083,118
24,131,20740,20024063,21131091,118
124,26,30635,10124036,11026057,118
22,15,15290,10022085,11015982,118
21,15,15290,10021355,11015983,118
22,15,15290,10022085,11015984,118
56,18,15290,10056079,11018478,118
18,56,2210,20018485,21056081,118
41,41,,20041208,11041203,118
41,41,,20041210,11041204,118
331,345,5489,30331020,20345015,118
348,345,23273,20348009,11345014,118
4,3,,20004010,21003521,118
4,4,,20004005,21004511,118
132,24,30635,10132360,11024074,118
44,43,10911,20044009,20043030,118
125,11,15445,10125010,11011030,118
85,85,,21085010,10085007,118
85,85,,21085011,10085008,118
162,600,,10162031,20600005,118
49,49,,11049007,20049014,118
31,68,26368,40031039,11068059,118
31,68,26368,40031038,11068058,118
14,14,,20014005,21014537,118
14,14,,20014005,21014538,118
14,14,,10014545,11014002,118
4,4,,10004513,11004004,118
3,4,,10003505,11004004,118
222,249,,10222066,41249100,118
221,221,,10221068,21221063,118
5,54,7430,20005136,21054097,118
5,55,7430,20005135,21055289,118
253,230,,30253567,41230045,118
3,3,,10003501,11003012,118
4,4,,10004513,11004017,118
213,204,64140,30213012,21204015,118
203,204,64140,30203037,21204016,118
204,203,64140,10204017,41203034,118
203,203,,41203034,30203036,118
203,203,,41203035,30203037,118
164,168,,30164022,41168024,118
129,129,,11129005,20129006,118
67,66,,11067060,20066018,118
221,222,,21221065,10222066,118
26,124,18380,20026028,21124027,118
65,67,25210,20065057,11067051,118
48,48,,20048006,21048527,118
48,48,,20048019,21048527,118
24,131,20740,20024088,21131083,118
24,131,20740,20024063,21131090,118
21,15,15290,10021354,11015984,118
15,56,2210,20015988,21056081,118
23,28,30635,10023016,11028511,118
18,18,,11018477,20018488,118
18,57,2210,20018485,21057014,118
66,66,,20066018,11066022,118
12,10,1400,10012024,11010018,118
13,2,,20013020,21002511,118
3,4,,20003014,21004511,118
13,4,,20013020,21004511,118
105,105,,11105009,20105010,118
39,33,99267,10039407,11033026,118
131,24,30635,10131088,11024074,118
134,24,30635,10134018,11024076,118
125,11,15445,10125011,11011030,118
192,600,,10192049,20600005,118
168,164,,30168025,41164020,118
55,55,,21055283,10055285,118
14,14,,10014528,11014002,118
3,4,,10003501,11004004,118
110,110,,21110021,10110019,118
221,221,,10221026,21221061,118
46,46,,40046046,31046047,118
222,221,,21222062,10221067,118
222,221,,21222062,10221069,118
5,54,7430,20005133,21054097,118
233,222,67596,30233035,21222058,118
249,222,,30249107,21222062,118
230,230,,40230573,41230045,118
4,4,,10004513,11004019,118
330,75,76700,40330006,40075142,118
248,248,,41248030,30248018,118
238,236,74575,20238052,11236059,118
230,253,68002,40230572,41253525,118
204,213,64140,10204013,41213013,118
99,99,,11099010,20099007,118
213,213,,41213013,30213014,118
19,132,20740,20019002,21132363,118
24,132,20740,20024088,21132365,118
345,331,5493,11345014,41331023,118
25,25,,20025055,11025054,118
39,33,99267,10039407,11033046,118
